65.41
64.03
66.82
55.21
70.78
71.49
67.23
73.74
67.72
61.81
60.36
60.81
55.60
60.24
49.15
45.93
50.65
54.27
54.84
57.60
70.53
50.50
53.64
58.78
56.06
54.34
61.15
51.88
55.28
30.60
30.15
28.03
56.64
40.96
42.65
37.72
51.07
65.88
63.80
47.14
61.18
60.18
73.93
68.89
52.87
41.03
55.76
48.72
38.94
59.21
58.73
60.52
28.01
37.23
25.38
43.05
45.32
53.10
44.80
47.60
34.11
63.49
55.16
27.68
49.65
58.09
60.67
50.23
57.44
57.38
57.81
47.98
53.57
53.85
61.23
57.04
53.40
46.49
45.10
55.00
54.44
64.08
44.42
48.95
50.68
49.57
59.79
49.54
46.55
50.41
37.29
43.11
51.83
54.50
44.25
56.16
55.23
52.04
59.76
64.92
62.79
63.80
52.24
52.00
52.97
65.82
65.28
66.34
61.07
68.55
55.29
54.48
70.18
70.39
67.87
52.84
50.37
61.59
70.98
67.58
56.22
63.83
49.22
65.53
36.46
67.56
66.04
45.02
66.35
60.15
65.34
61.33
58.53
62.49
41.24
52.25
42.56
62.18
51.97
51.83
52.97
54.18
49.17
42.20
53.72
59.15
56.08
60.22
59.89
62.37
63.02
62.77
61.13
61.91
64.73
62.58
59.47
58.72
64.92
62.74
65.65
69.59
70.30
68.68
66.51
63.38
61.30
56.07
48.80
51.25
55.43
56.02
67.21
70.09
64.02
68.45
70.76
62.15
64.49
59.59
69.21
68.31
68.19
68.28
68.49
70.26
60.18
70.95
67.79
60.06
70.64
67.92
70.11
70.11
68.01
66.99
70.08
68.97
76.21
76.38
72.65
72.50
71.41
67.50
71.83
56.04
69.55
57.20
68.58
70.57
58.56
62.19
55.73
60.51
69.91
68.15
69.35
68.49
70.17
60.30
52.66
60.79
70.88
68.36
64.66
53.32
58.54
62.40
62.96
56.44
55.10
56.60
67.00
68.47
51.16
44.03
69.46
58.61
63.11
66.29
62.49
57.86
65.92
68.29
57.50
56.26
56.06
58.69
63.13
59.21
65.83
67.87
65.26
65.39
57.58
64.45
43.94
59.30
35.52
45.17
61.28
54.01
52.47
64.29
57.95
50.32
55.78
61.61
60.01
56.96
55.22
60.01
56.20
63.88
65.26
59.40
53.81
44.43
42.27
63.06
61.31
59.08
61.71
60.25
55.60
49.79
50.08
52.74
63.82
63.46
56.37
58.42
53.44
49.93
53.31
59.23
60.18
57.76
53.10
51.55
46.24
50.27
56.52
46.94
63.39
42.89
50.84
55.06
56.43
59.56
64.79
53.39
67.92
67.05
67.44
67.59
65.21
55.24
59.66
63.66
63.58
65.09
66.20
64.81
40.70
47.09
58.47
58.73
51.70
48.31
48.50
54.85
58.32
63.74
72.62
74.59
69.70
69.05
73.03
58.84
52.70
56.20
64.68
69.00
68.95
70.15
65.67
47.59
49.99
52.52
54.88
55.09
55.29
48.47
56.00
55.19
56.45
54.93
55.94
51.92
45.65
40.92
47.00
48.39
45.93
